401 0.0 0.0 -45.0
405 0.0 0.0 -45.0
410 0.0 0.0 -45.0
419 0.0 0.0 -45.0
421 0.0 0.0 -45.0
426 0.0 0.0 -45.0
436 0.0 0.0 -45.0
445 0.0 0.0 -45.0
466 0.0 0.0 -45.0
467 0.0 0.0 -45.0
474 0.0 0.0 -45.0
491 0.0 0.0 -45.0
492 0.0 0.0 -45.0
504 0.0 0.0 -45.0
507 0.0 0.0 -45.0
516 0.0 0.0 -45.0
517 0.0 0.0 -45.0
518 0.0 0.0 -45.0
526 0.0 0.0 -45.0
527 0.0 0.0 -45.0
529 0.0 0.0 -45.0
540 0.0 0.0 -45.0
542 0.0 0.0 -45.0
546 0.0 0.0 -45.0
547 0.0 0.0 -45.0
549 0.0 0.0 -45.0
550 0.0 0.0 -45.0
551 0.0 0.0 -45.0
560 0.0 0.0 -45.0
562 0.0 0.0 -45.0
580 0.0 0.0 -45.0
585 0.0 0.0 -45.0
604 0.0 0.0 -45.0